 1  1  8
0.000000  3.000000 110
0.000000  0.000000 130
2.000000  3.000000 110
2.000000  0.000000 110
4.000000  3.000000 110
4.000000  0.000000 110
6.000000  3.000000 310
6.000000  0.000000 310
2 16
1 3 
3 5 
5 7 
2 4 
4 6 
6 8 
1 2 
3 4 
5 6 
7 8 
1 4 
4 5 
5 8 
2 3 
3 6 
6 7 
      0.000499        -0.000283
     -0.000523         0.000000
      0.000438        -0.001612
     -0.000440        -0.001629
      0.000249        -0.002608
     -0.000251        -0.002593
      0.000000        -0.002970
      0.000000        -0.002956
       -1.845152
       -5.669230
       -7.463999
        2.488167
        5.664061
        7.535938
       -3.767730
        0.228384
       -0.199927
       -0.196047
        3.326397
       -2.399031
        0.836536
       -4.485605
        2.408351
       -0.966225
